N1	N2	W
2	1	1
5	1	1
44	1	1
59	1	1
161	1	1
3	1	1
5	1	1
11	1	1
13	1	1
14	1	1
44	1	1
55	1	1
56	1	1
57	1	1
57	1	1
58	1	1
60	1	1
68	1	1
73	1	1
113	1	1
159	1	1
163	1	1
171	1	1
171	1	1
172	1	1
179	1	1
181	1	1
199	1	1
227	1	1
1	2	1
6	2	1
45	2	1
58	2	1
162	2	1
4	2	1
6	2	1
12	2	1
13	2	1
14	2	1
45	2	1
54	2	1
56	2	1
56	2	1
57	2	1
60	2	1
67	2	1
67	2	1
171	2	1
171	2	1
172	2	1
180	2	1
180	2	1
182	2	1
186	2	1
200	2	1
226	2	1
233	2	1
1	3	1
17	3	1
70	3	1
4	3	1
4	3	1
23	3	1
54	3	1
55	3	1
60	3	1
71	3	1
81	3	1
81	3	1
83	3	1
112	3	1
112	3	1
112	3	1
118	3	1
124	3	1
124	3	1
124	3	1
131	3	1
131	3	1
167	3	1
174	3	1
176	3	1
176	3	1
177	3	1
177	3	1
178	3	1
185	3	1
186	3	1
189	3	1
189	3	1
199	3	1
201	3	1
213	3	1
217	3	1
221	3	1
232	3	1
2	4	1
3	4	1
3	4	1
69	4	1
23	4	1
27	4	1
54	4	1
54	4	1
55	4	1
55	4	1
59	4	1
61	4	1
68	4	1
69	4	1
69	4	1
70	4	1
72	4	1
72	4	1
82	4	1
84	4	1
112	4	1
112	4	1
113	4	1
113	4	1
113	4	1
125	4	1
125	4	1
132	4	1
163	4	1
176	4	1
176	4	1
177	4	1
178	4	1
190	4	1
206	4	1
1	5	1
1	5	1
21	5	1
21	5	1
44	5	1
52	5	1
52	5	1
75	5	1
75	5	1
135	5	1
167	5	1
167	5	1
176	5	1
183	5	1
222	5	1
2	6	1
2	6	1
12	6	1
20	6	1
20	6	1
22	6	1
22	6	1
40	6	1
45	6	1
45	6	1
53	6	1
65	6	1
74	6	1
76	6	1
76	6	1
76	6	1
160	6	1
160	6	1
168	6	1
168	6	1
177	6	1
177	6	1
178	6	1
183	6	1
221	6	1
223	6	1
235	6	1
8	7	1
59	7	1
135	7	1
199	7	1
11	7	1
11	7	1
13	7	1
13	7	1
14	7	1
23	7	1
41	7	1
41	7	1
44	7	1
54	7	1
55	7	1
56	7	1
56	7	1
58	7	1
59	7	1
66	7	1
67	7	1
68	7	1
75	7	1
85	7	1
135	7	1
181	7	1
211	7	1
7	8	1
12	8	1
12	8	1
12	8	1
14	8	1
41	8	1
45	8	1
45	8	1
55	8	1
56	8	1
57	8	1
58	8	1
58	8	1
59	8	1
66	8	1
68	8	1
68	8	1
78	8	1
132	8	1
152	8	1
152	8	1
171	8	1
172	8	1
10	9	1
13	9	1
18	9	1
18	9	1
18	9	1
19	9	1
41	9	1
41	9	1
73	9	1
73	9	1
9	10	1
14	10	1
17	10	1
17	10	1
18	10	1
20	10	1
20	10	1
41	10	1
41	10	1
74	10	1
74	10	1
183	10	1
1	11	1
7	11	1
7	11	1
12	11	1
46	11	1
73	11	1
13	11	1
13	11	1
15	11	1
15	11	1
15	11	1
18	11	1
21	11	1
21	11	1
40	11	1
41	11	1
41	11	1
41	11	1
41	11	1
42	11	1
42	11	1
42	11	1
44	11	1
44	11	1
44	11	1
47	11	1
50	11	1
50	11	1
50	11	1
50	11	1
77	11	1
78	11	1
114	11	1
114	11	1
161	11	1
161	11	1
174	11	1
199	11	1
2	12	1
8	12	1
8	12	1
8	12	1
6	12	1
11	12	1
47	12	1
74	12	1
14	12	1
14	12	1
16	12	1
22	12	1
22	12	1
41	12	1
41	12	1
41	12	1
43	12	1
43	12	1
43	12	1
43	12	1
45	12	1
45	12	1
47	12	1
47	12	1
51	12	1
51	12	1
74	12	1
77	12	1
77	12	1
77	12	1
78	12	1
78	12	1
78	12	1
78	12	1
162	12	1
162	12	1
175	12	1
1	13	1
2	13	1
7	13	1
7	13	1
11	13	1
11	13	1
9	13	1
111	13	1
164	13	1
177	13	1
180	13	1
185	13	1
18	13	1
19	13	1
21	13	1
21	13	1
22	13	1
22	13	1
40	13	1
40	13	1
41	13	1
41	13	1
42	13	1
44	13	1
44	13	1
46	13	1
50	13	1
54	13	1
56	13	1
56	13	1
77	13	1
77	13	1
79	13	1
111	13	1
112	13	1
112	13	1
112	13	1
115	13	1
164	13	1
170	13	1
170	13	1
170	13	1
170	13	1
174	13	1
177	13	1
179	13	1
180	13	1
180	13	1
180	13	1
203	13	1
203	13	1
204	13	1
205	13	1
211	13	1
225	13	1
1	14	1
2	14	1
7	14	1
8	14	1
12	14	1
12	14	1
10	14	1
96	14	1
111	14	1
164	14	1
176	14	1
179	14	1
184	14	1
186	14	1
21	14	1
21	14	1
22	14	1
40	14	1
40	14	1
41	14	1
41	14	1
43	14	1
45	14	1
45	14	1
47	14	1
55	14	1
57	14	1
60	14	1
75	14	1
77	14	1
78	14	1
111	14	1
112	14	1
113	14	1
115	14	1
164	14	1
167	14	1
169	14	1
169	14	1
179	14	1
179	14	1
180	14	1
199	14	1
203	14	1
204	14	1
210	14	1
224	14	1
224	14	1
226	14	1
252	14	1
252	14	1
11	15	1
11	15	1
11	15	1
217	15	1
24	15	1
42	15	1
50	15	1
50	15	1
57	15	1
58	15	1
59	15	1
61	15	1
62	15	1
62	15	1
63	15	1
65	15	1
66	15	1
67	15	1
161	15	1
174	15	1
222	15	1
12	16	1
43	16	1
49	16	1
51	16	1
51	16	1
59	16	1
62	16	1
62	16	1
63	16	1
63	16	1
114	16	1
115	16	1
134	16	1
158	16	1
175	16	1
200	16	1
200	16	1
200	16	1
10	17	1
10	17	1
3	17	1
18	17	1
43	17	1
53	17	1
40	17	1
40	17	1
43	17	1
53	17	1
79	17	1
169	17	1
170	17	1
9	18	1
9	18	1
9	18	1
10	18	1
11	18	1
13	18	1
17	18	1
42	18	1
52	18	1
40	18	1
41	18	1
41	18	1
42	18	1
53	18	1
80	18	1
169	18	1
173	18	1
9	19	1
13	19	1
20	19	1
179	19	1
21	19	1
21	19	1
40	19	1
40	19	1
41	19	1
41	19	1
46	19	1
73	19	1
73	19	1
77	19	1
77	19	1
77	19	1
78	19	1
78	19	1
78	19	1
80	19	1
115	19	1
167	19	1
167	19	1
169	19	1
6	20	1
6	20	1
10	20	1
10	20	1
19	20	1
180	20	1
22	20	1
40	20	1
40	20	1
41	20	1
41	20	1
43	20	1
53	20	1
74	20	1
74	20	1
78	20	1
78	20	1
114	20	1
168	20	1
170	20	1
5	21	1
5	21	1
11	21	1
11	21	1
13	21	1
13	21	1
14	21	1
14	21	1
19	21	1
19	21	1
22	21	1
42	21	1
44	21	1
40	21	1
46	21	1
61	21	1
73	21	1
73	21	1
75	21	1
75	21	1
109	21	1
109	21	1
114	21	1
115	21	1
167	21	1
167	21	1
176	21	1
178	21	1
179	21	1
183	21	1
183	21	1
220	21	1
220	21	1
222	21	1
253	21	1
6	22	1
6	22	1
12	22	1
12	22	1
13	22	1
13	22	1
14	22	1
20	22	1
21	22	1
43	22	1
45	22	1
74	22	1
60	22	1
61	22	1
61	22	1
74	22	1
74	22	1
76	22	1
76	22	1
109	22	1
109	22	1
114	22	1
115	22	1
168	22	1
168	22	1
170	22	1
176	22	1
178	22	1
180	22	1
180	22	1
183	22	1
183	22	1
221	22	1
223	22	1
225	22	1
3	23	1
4	23	1
7	23	1
173	23	1
54	23	1
60	23	1
61	23	1
61	23	1
190	23	1
15	24	1
72	24	1
163	24	1
59	24	1
60	24	1
81	24	1
81	24	1
83	24	1
85	24	1
152	24	1
152	24	1
153	24	1
153	24	1
174	24	1
188	24	1
199	24	1
199	24	1
210	24	1
210	24	1
72	25	1
82	25	1
82	25	1
84	25	1
86	25	1
153	25	1
187	25	1
212	25	1
221	26	1
176	26	1
199	26	1
205	26	1
205	26	1
221	26	1
226	26	1
4	27	1
177	27	1
200	27	1
202	27	1
206	27	1
220	27	1
225	27	1
226	27	1
56	28	1
69	28	1
70	28	1
159	28	1
160	28	1
176	28	1
177	28	1
54	28	1
54	28	1
55	28	1
55	28	1
56	28	1
56	28	1
57	28	1
58	28	1
59	28	1
66	28	1
67	28	1
79	28	1
80	28	1
109	28	1
109	28	1
153	28	1
153	28	1
159	28	1
159	28	1
160	28	1
167	28	1
167	28	1
168	28	1
168	28	1
234	28	1
54	29	1
55	29	1
242	29	1
270	29	1
55	29	1
57	29	1
58	29	1
60	29	1
61	29	1
61	29	1
87	29	1
96	29	1
152	29	1
269	29	1
269	29	1
88	30	1
243	30	1
54	30	1
55	30	1
61	30	1
96	30	1
96	30	1
103	30	1
153	30	1
173	30	1
270	30	1
270	30	1
54	31	1
55	31	1
88	31	1
244	31	1
54	31	1
55	31	1
56	31	1
57	31	1
61	31	1
89	31	1
96	31	1
103	31	1
270	31	1
271	31	1
271	31	1
89	32	1
33	32	1
54	32	1
55	32	1
56	32	1
57	32	1
58	32	1
89	32	1
98	32	1
272	32	1
272	32	1
32	33	1
54	33	1
55	33	1
246	33	1
54	33	1
55	33	1
56	33	1
57	33	1
58	33	1
59	33	1
98	33	1
104	33	1
115	33	1
273	33	1
273	33	1
54	34	1
55	34	1
57	34	1
91	34	1
247	34	1
55	34	1
56	34	1
57	34	1
148	34	1
163	34	1
274	34	1
274	34	1
54	35	1
55	35	1
56	35	1
57	35	1
54	35	1
55	35	1
57	35	1
54	36	1
55	36	1
54	36	1
55	36	1
54	37	1
55	37	1
110	37	1
54	37	1
55	37	1
55	37	1
56	37	1
54	38	1
55	38	1
54	38	1
55	38	1
56	38	1
57	38	1
58	38	1
59	38	1
138	39	1
54	39	1
55	39	1
58	39	1
137	39	1
137	39	1
138	39	1
251	39	1
281	39	1
6	40	1
11	40	1
13	40	1
13	40	1
14	40	1
14	40	1
17	40	1
17	40	1
18	40	1
19	40	1
19	40	1
20	40	1
20	40	1
21	40	1
47	40	1
73	40	1
74	40	1
77	40	1
77	40	1
78	40	1
78	40	1
168	40	1
7	41	1
7	41	1
8	41	1
9	41	1
9	41	1
10	41	1
10	41	1
11	41	1
11	41	1
11	41	1
11	41	1
12	41	1
12	41	1
12	41	1
13	41	1
13	41	1
14	41	1
14	41	1
18	41	1
18	41	1
19	41	1
19	41	1
20	41	1
20	41	1
46	41	1
74	41	1
74	41	1
77	41	1
78	41	1
162	41	1
11	42	1
11	42	1
11	42	1
13	42	1
15	42	1
18	42	1
18	42	1
21	42	1
50	42	1
73	42	1
12	43	1
12	43	1
12	43	1
12	43	1
14	43	1
16	43	1
17	43	1
20	43	1
17	43	1
22	43	1
76	43	1
78	43	1
86	43	1
1	44	1
5	44	1
7	44	1
11	44	1
11	44	1
11	44	1
13	44	1
13	44	1
1	44	1
21	44	1
45	44	1
171	44	1
199	44	1
50	44	1
54	44	1
56	44	1
58	44	1
59	44	1
59	44	1
114	44	1
115	44	1
167	44	1
179	44	1
181	44	1
199	44	1
234	44	1
2	45	1
6	45	1
6	45	1
8	45	1
8	45	1
12	45	1
12	45	1
14	45	1
14	45	1
2	45	1
22	45	1
44	45	1
51	45	1
172	45	1
200	45	1
47	45	1
55	45	1
55	45	1
57	45	1
58	45	1
58	45	1
59	45	1
61	45	1
76	45	1
114	45	1
115	45	1
160	45	1
160	45	1
168	45	1
175	45	1
200	45	1
200	45	1
13	46	1
19	46	1
21	46	1
41	46	1
11	46	1
47	46	1
50	46	1
77	46	1
77	46	1
78	46	1
78	46	1
169	46	1
11	47	1
12	47	1
12	47	1
14	47	1
40	47	1
45	47	1
12	47	1
46	47	1
77	47	1
78	47	1
78	47	1
49	48	1
50	48	1
63	48	1
114	48	1
115	48	1
161	48	1
161	48	1
161	48	1
16	49	1
48	49	1
51	49	1
51	49	1
114	49	1
115	49	1
162	49	1
162	49	1
11	50	1
11	50	1
11	50	1
11	50	1
13	50	1
15	50	1
15	50	1
42	50	1
44	50	1
46	50	1
48	50	1
51	50	1
161	50	1
199	50	1
63	50	1
114	50	1
161	50	1
12	51	1
12	51	1
16	51	1
16	51	1
49	51	1
49	51	1
45	51	1
50	51	1
162	51	1
200	51	1
74	51	1
86	51	1
162	51	1
175	51	1
5	52	1
5	52	1
18	52	1
53	52	1
75	52	1
54	52	1
54	52	1
59	52	1
60	52	1
109	52	1
122	52	1
167	52	1
169	52	1
169	52	1
169	52	1
183	52	1
234	52	1
234	52	1
6	53	1
17	53	1
18	53	1
20	53	1
17	53	1
52	53	1
76	53	1
55	53	1
61	53	1
61	53	1
74	53	1
109	53	1
168	53	1
168	53	1
170	53	1
170	53	1
178	53	1
235	53	1
235	53	1
235	53	1
2	54	1
3	54	1
4	54	1
4	54	1
7	54	1
13	54	1
23	54	1
28	54	1
28	54	1
30	54	1
31	54	1
32	54	1
33	54	1
35	54	1
35	54	1
36	54	1
37	54	1
38	54	1
39	54	1
44	54	1
52	54	1
52	54	1
29	54	1
31	54	1
33	54	1
34	54	1
35	54	1
36	54	1
37	54	1
38	54	1
55	54	1
67	54	1
87	54	1
88	54	1
90	54	1
91	54	1
92	54	1
93	54	1
101	54	1
112	54	1
128	54	1
152	54	1
153	54	1
159	54	1
180	54	1
207	54	1
209	54	1
211	54	1
236	54	1
239	54	1
240	54	1
241	54	1
242	54	1
243	54	1
244	54	1
245	54	1
246	54	1
247	54	1
248	54	1
249	54	1
250	54	1
260	54	1
55	54	1
55	54	1
56	54	1
56	54	1
57	54	1
57	54	1
57	54	1
58	54	1
58	54	1
58	54	1
59	54	1
59	54	1
60	54	1
60	54	1
61	54	1
61	54	1
65	54	1
68	54	1
77	54	1
80	54	1
80	54	1
82	54	1
87	54	1
87	54	1
88	54	1
88	54	1
89	54	1
89	54	1
90	54	1
90	54	1
91	54	1
91	54	1
92	54	1
93	54	1
94	54	1
95	54	1
95	54	1
100	54	1
100	54	1
101	54	1
109	54	1
111	54	1
112	54	1
112	54	1
113	54	1
113	54	1
128	54	1
128	54	1
129	54	1
143	54	1
144	54	1
145	54	1
148	54	1
148	54	1
151	54	1
151	54	1
152	54	1
152	54	1
152	54	1
152	54	1
153	54	1
153	54	1
153	54	1
153	54	1
154	54	1
155	54	1
157	54	1
158	54	1
158	54	1
159	54	1
159	54	1
160	54	1
169	54	1
169	54	1
171	54	1
172	54	1
179	54	1
180	54	1
199	54	1
203	54	1
205	54	1
205	54	1
210	54	1
210	54	1
211	54	1
221	54	1
239	54	1
241	54	1
241	54	1
242	54	1
243	54	1
244	54	1
245	54	1
247	54	1
247	54	1
248	54	1
249	54	1
250	54	1
251	54	1
274	54	1
1	55	1
3	55	1
4	55	1
4	55	1
7	55	1
8	55	1
14	55	1
28	55	1
28	55	1
29	55	1
30	55	1
30	55	1
31	55	1
32	55	1
33	55	1
34	55	1
35	55	1
36	55	1
36	55	1
37	55	1
37	55	1
37	55	1
38	55	1
39	55	1
45	55	1
45	55	1
53	55	1
54	55	1
54	55	1
29	55	1
31	55	1
33	55	1
34	55	1
35	55	1
36	55	1
37	55	1
38	55	1
54	55	1
87	55	1
88	55	1
89	55	1
90	55	1
91	55	1
92	55	1
94	55	1
100	55	1
153	55	1
179	55	1
180	55	1
208	55	1
209	55	1
237	55	1
238	55	1
242	55	1
243	55	1
244	55	1
245	55	1
246	55	1
247	55	1
249	55	1
250	55	1
251	55	1
260	55	1
56	55	1
56	55	1
56	55	1
57	55	1
57	55	1
58	55	1
58	55	1
58	55	1
59	55	1
59	55	1
59	55	1
60	55	1
60	55	1
60	55	1
61	55	1
61	55	1
64	55	1
64	55	1
67	55	1
68	55	1
79	55	1
79	55	1
87	55	1
87	55	1
88	55	1
89	55	1
89	55	1
90	55	1
90	55	1
91	55	1
92	55	1
92	55	1
93	55	1
94	55	1
94	55	1
95	55	1
98	55	1
100	55	1
101	55	1
101	55	1
109	55	1
111	55	1
112	55	1
113	55	1
128	55	1
128	55	1
128	55	1
129	55	1
129	55	1
139	55	1
140	55	1
143	55	1
144	55	1
148	55	1
151	55	1
151	55	1
152	55	1
152	55	1
152	55	1
153	55	1
153	55	1
154	55	1
155	55	1
159	55	1
159	55	1
160	55	1
166	55	1
170	55	1
171	55	1
172	55	1
176	55	1
200	55	1
204	55	1
206	55	1
206	55	1
207	55	1
208	55	1
208	55	1
210	55	1
220	55	1
241	55	1
241	55	1
242	55	1
242	55	1
243	55	1
244	55	1
245	55	1
247	55	1
247	55	1
248	55	1
248	55	1
249	55	1
250	55	1
273	55	1
279	55	1
281	55	1
281	55	1
1	56	1
2	56	1
2	56	1
7	56	1
7	56	1
8	56	1
13	56	1
13	56	1
28	56	1
28	56	1
31	56	1
32	56	1
33	56	1
34	56	1
37	56	1
38	56	1
44	56	1
54	56	1
54	56	1
55	56	1
55	56	1
55	56	1
28	56	1
35	56	1
57	56	1
98	56	1
99	56	1
100	56	1
101	56	1
102	56	1
109	56	1
169	56	1
170	56	1
173	56	1
211	56	1
218	56	1
252	56	1
253	56	1
255	56	1
256	56	1
257	56	1
258	56	1
259	56	1
260	56	1
261	56	1
262	56	1
57	56	1
57	56	1
58	56	1
59	56	1
59	56	1
60	56	1
61	56	1
62	56	1
63	56	1
64	56	1
64	56	1
65	56	1
66	56	1
67	56	1
68	56	1
68	56	1
69	56	1
71	56	1
72	56	1
75	56	1
109	56	1
111	56	1
112	56	1
112	56	1
113	56	1
152	56	1
153	56	1
153	56	1
158	56	1
158	56	1
159	56	1
159	56	1
160	56	1
162	56	1
163	56	1
174	56	1
175	56	1
179	56	1
180	56	1
211	56	1
211	56	1
232	56	1
234	56	1
235	56	1
241	56	1
246	56	1
249	56	1
253	56	1
265	56	1
266	56	1
1	57	1
1	57	1
2	57	1
8	57	1
14	57	1
15	57	1
28	57	1
29	57	1
31	57	1
32	57	1
33	57	1
34	57	1
35	57	1
38	57	1
45	57	1
54	57	1
54	57	1
54	57	1
55	57	1
55	57	1
56	57	1
56	57	1
34	57	1
35	57	1
56	57	1
96	57	1
97	57	1
98	57	1
99	57	1
100	57	1
101	57	1
102	57	1
103	57	1
109	57	1
157	57	1
169	57	1
170	57	1
173	57	1
218	57	1
247	57	1
248	57	1
253	57	1
254	57	1
255	57	1
257	57	1
258	57	1
259	57	1
260	57	1
261	57	1
262	57	1
278	57	1
62	57	1
63	57	1
63	57	1
64	57	1
65	57	1
66	57	1
67	57	1
68	57	1
72	57	1
72	57	1
76	57	1
91	57	1
112	57	1
112	57	1
113	57	1
115	57	1
152	57	1
152	57	1
153	57	1
157	57	1
158	57	1
159	57	1
160	57	1
163	57	1
169	57	1
174	57	1
175	57	1
175	57	1
179	57	1
180	57	1
180	57	1
199	57	1
200	57	1
211	57	1
233	57	1
235	57	1
238	57	1
243	57	1
248	57	1
271	57	1
1	58	1
7	58	1
8	58	1
8	58	1
15	58	1
28	58	1
29	58	1
32	58	1
33	58	1
38	58	1
39	58	1
44	58	1
45	58	1
45	58	1
54	58	1
54	58	1
54	58	1
55	58	1
55	58	1
55	58	1
56	58	1
2	58	1
72	58	1
112	58	1
113	58	1
59	58	1
65	58	1
67	58	1
68	58	1
87	58	1
88	58	1
89	58	1
90	58	1
90	58	1
91	58	1
94	58	1
112	58	1
113	58	1
113	58	1
128	58	1
128	58	1
129	58	1
143	58	1
144	58	1
148	58	1
151	58	1
152	58	1
152	58	1
153	58	1
157	58	1
200	58	1
207	58	1
207	58	1
208	58	1
209	58	1
243	58	1
244	58	1
244	58	1
4	59	1
7	59	1
8	59	1
15	59	1
16	59	1
24	59	1
28	59	1
33	59	1
38	59	1
44	59	1
44	59	1
45	59	1
52	59	1
54	59	1
54	59	1
55	59	1
55	59	1
55	59	1
56	59	1
56	59	1
58	59	1
1	59	1
7	59	1
67	59	1
113	59	1
61	59	1
64	59	1
66	59	1
68	59	1
68	59	1
87	59	1
88	59	1
89	59	1
89	59	1
90	59	1
90	59	1
91	59	1
94	59	1
95	59	1
99	59	1
111	59	1
112	59	1
113	59	1
114	59	1
115	59	1
128	59	1
128	59	1
129	59	1
141	59	1
144	59	1
148	59	1
151	59	1
151	59	1
152	59	1
153	59	1
157	59	1
158	59	1
159	59	1
166	59	1
169	59	1
207	59	1
208	59	1
209	59	1
241	59	1
242	59	1
245	59	1
250	59	1
1	60	1
2	60	1
3	60	1
14	60	1
22	60	1
23	60	1
24	60	1
29	60	1
52	60	1
54	60	1
54	60	1
55	60	1
55	60	1
55	60	1
56	60	1
61	60	1
179	60	1
180	60	1
192	60	1
196	60	1
64	60	1
67	60	1
69	60	1
71	60	1
79	60	1
80	60	1
80	60	1
84	60	1
86	60	1
86	60	1
87	60	1
88	60	1
89	60	1
89	60	1
90	60	1
109	60	1
109	60	1
113	60	1
119	60	1
124	60	1
132	60	1
132	60	1
152	60	1
153	60	1
153	60	1
157	60	1
158	60	1
158	60	1
164	60	1
169	60	1
169	60	1
170	60	1
170	60	1
176	60	1
176	60	1
184	60	1
199	60	1
207	60	1
208	60	1
209	60	1
210	60	1
234	60	1
234	60	1
237	60	1
239	60	1
240	60	1
242	60	1
242	60	1
270	60	1
271	60	1
4	61	1
15	61	1
21	61	1
22	61	1
22	61	1
23	61	1
23	61	1
29	61	1
29	61	1
30	61	1
31	61	1
45	61	1
53	61	1
53	61	1
54	61	1
54	61	1
55	61	1
55	61	1
56	61	1
59	61	1
60	61	1
179	61	1
180	61	1
191	61	1
192	61	1
196	61	1
64	61	1
68	61	1
68	61	1
69	61	1
79	61	1
79	61	1
83	61	1
83	61	1
85	61	1
85	61	1
87	61	1
88	61	1
88	61	1
89	61	1
98	61	1
109	61	1
109	61	1
113	61	1
118	61	1
119	61	1
131	61	1
131	61	1
152	61	1
153	61	1
159	61	1
169	61	1
169	61	1
170	61	1
170	61	1
176	61	1
177	61	1
184	61	1
200	61	1
207	61	1
208	61	1
209	61	1
235	61	1
236	61	1
237	61	1
238	61	1
240	61	1
241	61	1
242	61	1
243	61	1
244	61	1
15	62	1
15	62	1
16	62	1
16	62	1
56	62	1
57	62	1
63	62	1
65	62	1
66	62	1
162	62	1
63	62	1
63	62	1
63	62	1
64	62	1
64	62	1
64	62	1
65	62	1
65	62	1
66	62	1
66	62	1
66	62	1
67	62	1
68	62	1
71	62	1
114	62	1
114	62	1
114	62	1
115	62	1
115	62	1
140	62	1
141	62	1
144	62	1
157	62	1
161	62	1
162	62	1
175	62	1
252	62	1
252	62	1
267	62	1
15	63	1
16	63	1
16	63	1
48	63	1
50	63	1
56	63	1
57	63	1
57	63	1
62	63	1
62	63	1
62	63	1
62	63	1
65	63	1
66	63	1
266	63	1
65	63	1
65	63	1
66	63	1
66	63	1
67	63	1
67	63	1
68	63	1
71	63	1
115	63	1
157	63	1
161	63	1
162	63	1
267	63	1
279	63	1
55	64	1
55	64	1
56	64	1
56	64	1
57	64	1
59	64	1
60	64	1
61	64	1
62	64	1
62	64	1
62	64	1
174	64	1
175	64	1
67	64	1
71	64	1
94	64	1
141	64	1
141	64	1
141	64	1
142	64	1
142	64	1
151	64	1
152	64	1
157	64	1
158	64	1
158	64	1
160	64	1
162	64	1
164	64	1
250	64	1
6	65	1
15	65	1
54	65	1
56	65	1
57	65	1
58	65	1
62	65	1
62	65	1
63	65	1
63	65	1
62	65	1
63	65	1
66	65	1
144	65	1
66	65	1
66	65	1
67	65	1
67	65	1
67	65	1
76	65	1
81	65	1
82	65	1
141	65	1
160	65	1
160	65	1
161	65	1
162	65	1
175	65	1
180	65	1
183	65	1
221	65	1
223	65	1
269	65	1
7	66	1
8	66	1
15	66	1
28	66	1
56	66	1
57	66	1
59	66	1
62	66	1
62	66	1
62	66	1
63	66	1
63	66	1
65	66	1
65	66	1
62	66	1
63	66	1
65	66	1
68	66	1
141	66	1
142	66	1
146	66	1
157	66	1
159	66	1
159	66	1
174	66	1
176	66	1
183	66	1
183	66	1
220	66	1
222	66	1
266	66	1
2	67	1
2	67	1
7	67	1
15	67	1
28	67	1
55	67	1
56	67	1
57	67	1
58	67	1
60	67	1
62	67	1
63	67	1
63	67	1
63	67	1
64	67	1
65	67	1
65	67	1
65	67	1
54	67	1
59	67	1
68	67	1
152	67	1
153	67	1
184	67	1
68	67	1
82	67	1
114	67	1
114	67	1
115	67	1
115	67	1
128	67	1
148	67	1
152	67	1
152	67	1
152	67	1
153	67	1
157	67	1
158	67	1
158	67	1
163	67	1
163	67	1
165	67	1
175	67	1
175	67	1
180	67	1
184	67	1
200	67	1
1	68	1
4	68	1
7	68	1
8	68	1
8	68	1
54	68	1
55	68	1
56	68	1
56	68	1
57	68	1
58	68	1
59	68	1
59	68	1
61	68	1
61	68	1
62	68	1
63	68	1
66	68	1
67	68	1
67	68	1
152	68	1
72	68	1
81	68	1
113	68	1
129	68	1
152	68	1
152	68	1
153	68	1
153	68	1
157	68	1
157	68	1
158	68	1
162	68	1
163	68	1
174	68	1
175	68	1
208	68	1
234	68	1
4	69	1
4	69	1
56	69	1
60	69	1
61	69	1
4	69	1
28	69	1
70	69	1
159	69	1
160	69	1
164	69	1
171	69	1
172	69	1
176	69	1
220	69	1
221	69	1
223	69	1
252	69	1
261	69	1
72	69	1
109	69	1
111	69	1
139	69	1
139	69	1
139	69	1
139	69	1
140	69	1
140	69	1
156	69	1
156	69	1
156	69	1
163	69	1
164	69	1
164	69	1
177	69	1
179	69	1
180	69	1
180	69	1
184	69	1
190	69	1
197	69	1
198	69	1
198	69	1
204	69	1
215	69	1
225	69	1
4	70	1
3	70	1
28	70	1
69	70	1
159	70	1
171	70	1
177	70	1
220	70	1
221	70	1
223	70	1
81	70	1
111	70	1
161	70	1
164	70	1
171	70	1
176	70	1
177	70	1
179	70	1
180	70	1
184	70	1
190	70	1
197	70	1
197	70	1
198	70	1
203	70	1
220	70	1
224	70	1
225	70	1
3	71	1
56	71	1
60	71	1
62	71	1
63	71	1
64	71	1
110	71	1
111	71	1
156	71	1
88	71	1
103	71	1
108	71	1
110	71	1
110	71	1
115	71	1
115	71	1
153	71	1
157	71	1
158	71	1
160	71	1
160	71	1
160	71	1
162	71	1
164	71	1
165	71	1
184	71	1
207	71	1
208	71	1
209	71	1
263	71	1
265	71	1
280	71	1
4	72	1
4	72	1
56	72	1
57	72	1
57	72	1
68	72	1
69	72	1
24	72	1
25	72	1
58	72	1
81	72	1
81	72	1
82	72	1
82	72	1
87	72	1
152	72	1
153	72	1
153	72	1
156	72	1
157	72	1
163	72	1
173	72	1
218	72	1
240	72	1
1	73	1
9	73	1
9	73	1
19	73	1
19	73	1
21	73	1
21	73	1
40	73	1
42	73	1
11	73	1
74	73	1
75	73	1
6	74	1
10	74	1
10	74	1
12	74	1
20	74	1
20	74	1
22	74	1
22	74	1
40	74	1
41	74	1
41	74	1
51	74	1
53	74	1
12	74	1
22	74	1
73	74	1
76	74	1
162	74	1
175	74	1
177	74	1
183	74	1
5	75	1
5	75	1
7	75	1
14	75	1
21	75	1
21	75	1
56	75	1
73	75	1
52	75	1
76	75	1
199	75	1
114	75	1
114	75	1
115	75	1
167	75	1
167	75	1
220	75	1
6	76	1
6	76	1
6	76	1
22	76	1
22	76	1
43	76	1
45	76	1
57	76	1
65	76	1
74	76	1
53	76	1
75	76	1
171	76	1
200	76	1
114	76	1
168	76	1
183	76	1
183	76	1
223	76	1
11	77	1
12	77	1
12	77	1
12	77	1
13	77	1
13	77	1
14	77	1
19	77	1
19	77	1
19	77	1
40	77	1
40	77	1
41	77	1
46	77	1
46	77	1
47	77	1
54	77	1
78	77	1
78	77	1
78	77	1
167	77	1
167	77	1
8	78	1
11	78	1
12	78	1
12	78	1
12	78	1
12	78	1
14	78	1
19	78	1
19	78	1
19	78	1
20	78	1
20	78	1
40	78	1
40	78	1
41	78	1
43	78	1
46	78	1
46	78	1
47	78	1
47	78	1
77	78	1
77	78	1
77	78	1
13	79	1
17	79	1
28	79	1
55	79	1
55	79	1
60	79	1
61	79	1
61	79	1
80	79	1
177	79	1
183	79	1
80	79	1
168	79	1
168	79	1
169	79	1
170	79	1
170	79	1
170	79	1
170	79	1
176	79	1
177	79	1
177	79	1
18	80	1
19	80	1
28	80	1
54	80	1
54	80	1
60	80	1
60	80	1
79	80	1
79	80	1
176	80	1
183	80	1
126	80	1
167	80	1
167	80	1
169	80	1
169	80	1
169	80	1
176	80	1
176	80	1
176	80	1
178	80	1
183	80	1
3	81	1
3	81	1
24	81	1
24	81	1
65	81	1
68	81	1
70	81	1
72	81	1
72	81	1
114	81	1
157	81	1
157	81	1
157	81	1
158	81	1
158	81	1
203	81	1
228	81	1
4	82	1
25	82	1
25	82	1
54	82	1
65	82	1
67	82	1
72	82	1
72	82	1
84	82	1
115	82	1
115	82	1
115	82	1
152	82	1
152	82	1
157	82	1
157	82	1
157	82	1
158	82	1
158	82	1
158	82	1
210	82	1
229	82	1
3	83	1
24	83	1
61	83	1
61	83	1
133	83	1
178	83	1
116	83	1
131	83	1
131	83	1
133	83	1
169	83	1
171	83	1
171	83	1
172	83	1
172	83	1
178	83	1
181	83	1
184	83	1
191	83	1
191	83	1
199	83	1
199	83	1
199	83	1
202	83	1
202	83	1
213	83	1
213	83	1
221	83	1
228	83	1
232	83	1
232	83	1
236	83	1
4	84	1
25	84	1
60	84	1
82	84	1
134	84	1
178	84	1
117	84	1
119	84	1
123	84	1
132	84	1
132	84	1
132	84	1
132	84	1
134	84	1
170	84	1
171	84	1
172	84	1
178	84	1
184	84	1
184	84	1
187	84	1
192	84	1
200	84	1
201	84	1
202	84	1
212	84	1
221	84	1
229	84	1
233	84	1
233	84	1
237	84	1
7	85	1
24	85	1
61	85	1
61	85	1
135	85	1
178	85	1
120	85	1
131	85	1
131	85	1
135	85	1
167	85	1
171	85	1
171	85	1
172	85	1
178	85	1
181	85	1
184	85	1
187	85	1
201	85	1
214	85	1
214	85	1
230	85	1
25	86	1
43	86	1
51	86	1
60	86	1
60	86	1
136	86	1
178	86	1
121	86	1
121	86	1
127	86	1
132	86	1
132	86	1
132	86	1
136	86	1
168	86	1
171	86	1
172	86	1
172	86	1
178	86	1
178	86	1
182	86	1
184	86	1
185	86	1
188	86	1
202	86	1
215	86	1
231	86	1
29	87	1
54	87	1
55	87	1
58	87	1
59	87	1
60	87	1
61	87	1
72	87	1
54	87	1
55	87	1
90	87	1
208	87	1
209	87	1
103	87	1
103	87	1
269	87	1
269	87	1
270	87	1
54	88	1
55	88	1
58	88	1
59	88	1
60	88	1
61	88	1
61	88	1
71	88	1
30	88	1
31	88	1
54	88	1
55	88	1
208	88	1
240	88	1
103	88	1
103	88	1
152	88	1
269	88	1
270	88	1
270	88	1
271	88	1
271	88	1
31	89	1
32	89	1
54	89	1
55	89	1
58	89	1
59	89	1
59	89	1
60	89	1
60	89	1
61	89	1
32	89	1
55	89	1
90	89	1
90	89	1
90	89	1
97	89	1
98	89	1
104	89	1
104	89	1
271	89	1
271	89	1
272	89	1
54	90	1
55	90	1
58	90	1
58	90	1
59	90	1
59	90	1
60	90	1
89	90	1
89	90	1
54	90	1
55	90	1
87	90	1
98	90	1
257	90	1
98	90	1
104	90	1
272	90	1
273	90	1
273	90	1
54	91	1
55	91	1
57	91	1
58	91	1
59	91	1
34	91	1
54	91	1
55	91	1
243	91	1
244	91	1
99	91	1
115	91	1
152	91	1
273	91	1
274	91	1
274	91	1
54	92	1
55	92	1
54	92	1
55	92	1
115	92	1
152	92	1
173	92	1
173	92	1
272	92	1
272	92	1
273	92	1
273	92	1
274	92	1
54	93	1
55	93	1
54	93	1
54	94	1
55	94	1
55	94	1
58	94	1
59	94	1
64	94	1
55	94	1
95	94	1
110	94	1
110	94	1
142	94	1
144	94	1
251	94	1
54	95	1
54	95	1
55	95	1
59	95	1
94	95	1
137	95	1
145	95	1
173	95	1
108	95	1
137	95	1
145	95	1
146	95	1
153	95	1
163	95	1
251	95	1
281	95	1
29	96	1
30	96	1
30	96	1
31	96	1
14	96	1
57	96	1
97	96	1
99	96	1
109	96	1
173	96	1
184	96	1
254	96	1
255	96	1
103	96	1
103	96	1
269	96	1
269	96	1
270	96	1
270	96	1
271	96	1
89	97	1
57	97	1
96	97	1
98	97	1
252	97	1
104	97	1
104	97	1
109	97	1
152	97	1
153	97	1
163	97	1
271	97	1
271	97	1
272	97	1
272	97	1
273	97	1
32	98	1
33	98	1
55	98	1
61	98	1
89	98	1
90	98	1
56	98	1
57	98	1
90	98	1
97	98	1
99	98	1
104	98	1
105	98	1
109	98	1
152	98	1
153	98	1
163	98	1
272	98	1
273	98	1
273	98	1
274	98	1
274	98	1
59	99	1
91	99	1
56	99	1
57	99	1
96	99	1
98	99	1
253	99	1
255	99	1
105	99	1
109	99	1
152	99	1
153	99	1
264	99	1
274	99	1
274	99	1
54	100	1
55	100	1
55	100	1
56	100	1
57	100	1
109	100	1
152	100	1
153	100	1
54	101	1
55	101	1
54	101	1
56	101	1
57	101	1
109	101	1
152	101	1
153	101	1
56	102	1
57	102	1
109	102	1
109	102	1
152	102	1
152	102	1
153	102	1
251	102	1
281	102	1
30	103	1
31	103	1
71	103	1
87	103	1
88	103	1
88	103	1
96	103	1
57	103	1
104	103	1
269	103	1
270	103	1
157	103	1
162	103	1
173	103	1
173	103	1
240	103	1
241	103	1
242	103	1
252	103	1
253	103	1
263	103	1
264	103	1
265	103	1
269	103	1
270	103	1
270	103	1
33	104	1
89	104	1
89	104	1
90	104	1
97	104	1
98	104	1
103	104	1
105	104	1
272	104	1
160	104	1
173	104	1
173	104	1
242	104	1
243	104	1
244	104	1
253	104	1
254	104	1
255	104	1
263	104	1
264	104	1
265	104	1
271	104	1
272	104	1
98	105	1
99	105	1
104	105	1
106	105	1
158	105	1
173	105	1
173	105	1
244	105	1
245	105	1
246	105	1
255	105	1
256	105	1
263	105	1
264	105	1
265	105	1
105	106	1
265	106	1
276	106	1
246	106	1
247	106	1
248	106	1
257	106	1
258	106	1
265	106	1
276	106	1
278	107	1
154	107	1
248	107	1
259	107	1
259	107	1
260	107	1
277	107	1
278	107	1
71	108	1
95	108	1
110	108	1
137	108	1
250	108	1
251	108	1
261	108	1
262	108	1
21	109	1
21	109	1
22	109	1
22	109	1
28	109	1
28	109	1
52	109	1
53	109	1
54	109	1
55	109	1
56	109	1
60	109	1
60	109	1
61	109	1
61	109	1
69	109	1
97	109	1
98	109	1
99	109	1
100	109	1
101	109	1
102	109	1
102	109	1
56	109	1
57	109	1
96	109	1
152	109	1
163	109	1
112	109	1
113	109	1
139	109	1
139	109	1
139	109	1
139	109	1
140	109	1
140	109	1
141	109	1
142	109	1
142	109	1
145	109	1
145	109	1
146	109	1
146	109	1
148	109	1
152	109	1
152	109	1
153	109	1
155	109	1
155	109	1
156	109	1
156	109	1
163	109	1
163	109	1
163	109	1
167	109	1
168	109	1
168	109	1
180	109	1
183	109	1
183	109	1
204	109	1
205	109	1
206	109	1
207	109	1
211	109	1
220	109	1
221	109	1
222	109	1
223	109	1
241	109	1
251	109	1
252	109	1
252	109	1
262	109	1
71	110	1
71	110	1
94	110	1
94	110	1
108	110	1
37	110	1
71	110	1
248	110	1
260	110	1
111	110	1
137	110	1
145	110	1
159	110	1
159	110	1
13	111	1
14	111	1
54	111	1
55	111	1
56	111	1
59	111	1
69	111	1
70	111	1
110	111	1
13	111	1
14	111	1
71	111	1
159	111	1
160	111	1
248	111	1
269	111	1
278	111	1
160	111	1
160	111	1
162	111	1
164	111	1
164	111	1
169	111	1
170	111	1
176	111	1
176	111	1
176	111	1
177	111	1
197	111	1
198	111	1
263	111	1
264	111	1
265	111	1
267	111	1
3	112	1
3	112	1
3	112	1
4	112	1
4	112	1
13	112	1
13	112	1
13	112	1
14	112	1
54	112	1
54	112	1
55	112	1
56	112	1
56	112	1
57	112	1
57	112	1
58	112	1
59	112	1
109	112	1
54	112	1
58	112	1
113	112	1
178	112	1
113	112	1
113	112	1
153	112	1
210	112	1
1	113	1
4	113	1
4	113	1
4	113	1
14	113	1
54	113	1
54	113	1
55	113	1
56	113	1
57	113	1
58	113	1
58	113	1
59	113	1
60	113	1
61	113	1
68	113	1
109	113	1
112	113	1
112	113	1
58	113	1
59	113	1
112	113	1
152	113	1
252	113	1
11	114	1
11	114	1
16	114	1
20	114	1
21	114	1
22	114	1
44	114	1
45	114	1
48	114	1
49	114	1
50	114	1
59	114	1
62	114	1
62	114	1
62	114	1
67	114	1
67	114	1
75	114	1
75	114	1
76	114	1
81	114	1
115	114	1
115	114	1
115	114	1
147	114	1
161	114	1
174	114	1
179	114	1
183	114	1
208	114	1
267	114	1
267	114	1
13	115	1
14	115	1
16	115	1
19	115	1
21	115	1
22	115	1
33	115	1
44	115	1
45	115	1
48	115	1
49	115	1
57	115	1
59	115	1
62	115	1
62	115	1
63	115	1
67	115	1
67	115	1
71	115	1
71	115	1
75	115	1
82	115	1
82	115	1
82	115	1
91	115	1
92	115	1
114	115	1
114	115	1
114	115	1
148	115	1
158	115	1
158	115	1
158	115	1
158	115	1
162	115	1
162	115	1
175	115	1
175	115	1
175	115	1
200	115	1
207	115	1
209	115	1
245	115	1
264	115	1
264	115	1
265	115	1
265	115	1
272	115	1
83	116	1
117	116	1
118	116	1
131	116	1
196	116	1
118	116	1
122	116	1
163	116	1
163	116	1
178	116	1
181	116	1
188	116	1
191	116	1
228	116	1
236	116	1
84	117	1
116	117	1
119	117	1
132	117	1
196	117	1
119	117	1
123	117	1
132	117	1
163	117	1
182	117	1
192	117	1
229	117	1
3	118	1
61	118	1
116	118	1
116	118	1
120	118	1
120	118	1
124	118	1
187	118	1
189	118	1
190	118	1
191	118	1
192	118	1
195	118	1
232	118	1
60	119	1
61	119	1
84	119	1
117	119	1
117	119	1
121	119	1
121	119	1
125	119	1
168	119	1
187	119	1
188	119	1
189	119	1
189	119	1
190	119	1
191	119	1
192	119	1
194	119	1
201	119	1
231	119	1
233	119	1
235	119	1
85	120	1
118	120	1
118	120	1
121	120	1
193	120	1
126	120	1
131	120	1
135	120	1
135	120	1
163	120	1
181	120	1
187	120	1
238	120	1
238	120	1
86	121	1
86	121	1
119	121	1
119	121	1
120	121	1
125	121	1
127	121	1
127	121	1
132	121	1
136	121	1
163	121	1
182	121	1
182	121	1
188	121	1
195	121	1
239	121	1
52	122	1
116	122	1
133	122	1
169	122	1
181	122	1
194	122	1
195	122	1
228	122	1
228	122	1
84	123	1
117	123	1
172	123	1
182	123	1
193	123	1
194	123	1
195	123	1
196	123	1
229	123	1
3	124	1
3	124	1
3	124	1
60	124	1
118	124	1
199	124	1
126	124	1
133	124	1
133	124	1
135	124	1
135	124	1
171	124	1
178	124	1
178	124	1
189	124	1
189	124	1
190	124	1
195	124	1
196	124	1
234	124	1
4	125	1
4	125	1
119	125	1
121	125	1
200	125	1
235	125	1
132	125	1
132	125	1
132	125	1
134	125	1
136	125	1
136	125	1
178	125	1
178	125	1
189	125	1
189	125	1
194	125	1
196	125	1
233	125	1
233	125	1
80	126	1
120	126	1
124	126	1
135	126	1
135	126	1
167	126	1
178	126	1
181	126	1
194	126	1
194	126	1
195	126	1
196	126	1
230	126	1
86	127	1
121	127	1
121	127	1
136	127	1
136	127	1
168	127	1
178	127	1
178	127	1
182	127	1
182	127	1
194	127	1
195	127	1
196	127	1
231	127	1
235	127	1
54	128	1
54	128	1
55	128	1
55	128	1
55	128	1
58	128	1
58	128	1
59	128	1
59	128	1
67	128	1
54	128	1
147	128	1
163	128	1
143	128	1
145	128	1
157	128	1
165	128	1
251	128	1
54	129	1
55	129	1
55	129	1
58	129	1
59	129	1
68	129	1
148	129	1
163	129	1
146	129	1
151	129	1
151	129	1
153	129	1
153	129	1
163	129	1
165	129	1
3	131	1
3	131	1
61	131	1
61	131	1
83	131	1
83	131	1
85	131	1
85	131	1
120	131	1
116	131	1
132	131	1
176	131	1
169	131	1
187	131	1
189	131	1
191	131	1
194	131	1
204	131	1
224	131	1
224	131	1
225	131	1
225	131	1
227	131	1
236	131	1
4	132	1
8	132	1
60	132	1
60	132	1
84	132	1
84	132	1
84	132	1
84	132	1
86	132	1
86	132	1
86	132	1
117	132	1
121	132	1
125	132	1
125	132	1
125	132	1
117	132	1
131	132	1
177	132	1
170	132	1
170	132	1
184	132	1
188	132	1
189	132	1
189	132	1
192	132	1
195	132	1
205	132	1
225	132	1
226	132	1
227	132	1
267	132	1
83	133	1
122	133	1
124	133	1
124	133	1
83	133	1
169	133	1
176	133	1
191	133	1
232	133	1
172	133	1
178	133	1
178	133	1
181	133	1
182	133	1
188	133	1
188	133	1
218	133	1
16	134	1
84	134	1
125	134	1
84	134	1
170	134	1
177	134	1
178	134	1
192	134	1
233	134	1
171	134	1
172	134	1
178	134	1
181	134	1
182	134	1
187	134	1
187	134	1
202	134	1
219	134	1
5	135	1
7	135	1
85	135	1
120	135	1
120	135	1
124	135	1
124	135	1
126	135	1
126	135	1
7	135	1
85	135	1
169	135	1
176	135	1
187	135	1
232	135	1
171	135	1
178	135	1
178	135	1
181	135	1
192	135	1
192	135	1
216	135	1
86	136	1
121	136	1
125	136	1
125	136	1
127	136	1
127	136	1
86	136	1
170	136	1
177	136	1
188	136	1
233	136	1
172	136	1
178	136	1
178	136	1
182	136	1
191	136	1
195	136	1
217	136	1
235	136	1
39	137	1
39	137	1
95	137	1
108	137	1
110	137	1
95	137	1
158	137	1
281	137	1
39	138	1
39	138	1
173	138	1
281	138	1
55	139	1
69	139	1
69	139	1
69	139	1
69	139	1
109	139	1
109	139	1
109	139	1
109	139	1
140	139	1
153	139	1
156	139	1
140	139	1
148	139	1
153	139	1
156	139	1
156	139	1
156	139	1
163	139	1
163	139	1
248	139	1
279	139	1
55	140	1
62	140	1
69	140	1
69	140	1
109	140	1
109	140	1
139	140	1
139	140	1
156	140	1
247	140	1
277	140	1
148	140	1
152	140	1
153	140	1
156	140	1
156	140	1
163	140	1
59	141	1
62	141	1
64	141	1
64	141	1
64	141	1
65	141	1
66	141	1
109	141	1
142	141	1
142	141	1
142	141	1
142	141	1
143	141	1
144	141	1
161	141	1
64	142	1
64	142	1
66	142	1
94	142	1
109	142	1
109	142	1
141	142	1
141	142	1
141	142	1
141	142	1
143	142	1
159	142	1
144	142	1
161	142	1
54	143	1
55	143	1
58	143	1
128	143	1
141	143	1
142	143	1
144	143	1
144	143	1
144	143	1
152	143	1
251	143	1
54	144	1
55	144	1
58	144	1
59	144	1
62	144	1
94	144	1
141	144	1
142	144	1
143	144	1
143	144	1
65	144	1
143	144	1
152	144	1
153	144	1
251	144	1
54	145	1
95	145	1
109	145	1
109	145	1
110	145	1
128	145	1
95	145	1
146	145	1
147	145	1
251	145	1
146	145	1
152	145	1
251	145	1
66	146	1
95	146	1
109	146	1
109	146	1
129	146	1
145	146	1
145	146	1
153	146	1
251	146	1
153	146	1
251	146	1
114	147	1
128	147	1
145	147	1
152	147	1
34	148	1
54	148	1
54	148	1
55	148	1
58	148	1
59	148	1
67	148	1
109	148	1
115	148	1
139	148	1
140	148	1
129	148	1
153	148	1
163	148	1
152	148	1
203	149	1
222	149	1
222	149	1
222	149	1
204	150	1
223	150	1
223	150	1
54	151	1
54	151	1
55	151	1
55	151	1
58	151	1
59	151	1
59	151	1
64	151	1
129	151	1
129	151	1
159	151	1
157	151	1
157	151	1
158	151	1
8	152	1
8	152	1
24	152	1
24	152	1
29	152	1
54	152	1
54	152	1
54	152	1
54	152	1
55	152	1
55	152	1
55	152	1
56	152	1
57	152	1
57	152	1
58	152	1
58	152	1
59	152	1
60	152	1
61	152	1
64	152	1
67	152	1
67	152	1
67	152	1
68	152	1
68	152	1
72	152	1
82	152	1
82	152	1
88	152	1
91	152	1
92	152	1
97	152	1
98	152	1
98	152	1
99	152	1
99	152	1
100	152	1
101	152	1
102	152	1
102	152	1
109	152	1
109	152	1
113	152	1
140	152	1
143	152	1
144	152	1
145	152	1
148	152	1
54	152	1
67	152	1
68	152	1
109	152	1
147	152	1
153	152	1
260	152	1
261	152	1
153	152	1
153	152	1
153	152	1
154	152	1
155	152	1
155	152	1
156	152	1
157	152	1
158	152	1
160	152	1
173	152	1
173	152	1
175	152	1
184	152	1
218	152	1
251	152	1
254	152	1
255	152	1
256	152	1
257	152	1
259	152	1
261	152	1
262	152	1
281	152	1
24	153	1
24	153	1
25	153	1
28	153	1
28	153	1
30	153	1
54	153	1
54	153	1
54	153	1
54	153	1
55	153	1
55	153	1
56	153	1
56	153	1
57	153	1
58	153	1
59	153	1
60	153	1
60	153	1
61	153	1
67	153	1
68	153	1
68	153	1
71	153	1
72	153	1
72	153	1
95	153	1
97	153	1
98	153	1
98	153	1
99	153	1
100	153	1
101	153	1
102	153	1
109	153	1
112	153	1
129	153	1
129	153	1
139	153	1
140	153	1
144	153	1
146	153	1
152	153	1
152	153	1
152	153	1
54	153	1
55	153	1
67	153	1
139	153	1
146	153	1
148	153	1
152	153	1
165	153	1
166	153	1
247	153	1
154	153	1
154	153	1
155	153	1
248	153	1
159	153	1
159	153	1
160	153	1
160	153	1
163	153	1
163	153	1
166	153	1
166	153	1
173	153	1
173	153	1
175	153	1
219	153	1
251	153	1
255	153	1
255	153	1
257	153	1
257	153	1
258	153	1
259	153	1
261	153	1
262	153	1
264	153	1
281	153	1
54	154	1
55	154	1
107	154	1
152	154	1
153	154	1
153	154	1
155	154	1
278	154	1
54	155	1
55	155	1
109	155	1
109	155	1
152	155	1
152	155	1
153	155	1
154	155	1
248	155	1
69	156	1
69	156	1
69	156	1
72	156	1
109	156	1
109	156	1
139	156	1
139	156	1
139	156	1
140	156	1
140	156	1
152	156	1
71	156	1
139	156	1
140	156	1
163	156	1
54	157	1
57	157	1
58	157	1
59	157	1
60	157	1
62	157	1
63	157	1
64	157	1
66	157	1
67	157	1
68	157	1
68	157	1
71	157	1
72	157	1
81	157	1
81	157	1
81	157	1
82	157	1
82	157	1
82	157	1
103	157	1
128	157	1
151	157	1
151	157	1
152	157	1
57	157	1
158	157	1
158	157	1
162	157	1
164	157	1
165	157	1
174	157	1
16	158	1
54	158	1
54	158	1
56	158	1
56	158	1
57	158	1
59	158	1
60	158	1
60	158	1
64	158	1
64	158	1
67	158	1
67	158	1
68	158	1
71	158	1
81	158	1
81	158	1
82	158	1
82	158	1
82	158	1
105	158	1
115	158	1
115	158	1
115	158	1
137	158	1
151	158	1
152	158	1
157	158	1
157	158	1
115	158	1
164	158	1
165	158	1
250	158	1
264	158	1
264	158	1
265	158	1
265	158	1
274	158	1
275	158	1
280	158	1
1	159	1
28	159	1
28	159	1
54	159	1
54	159	1
55	159	1
55	159	1
56	159	1
56	159	1
57	159	1
59	159	1
61	159	1
66	159	1
66	159	1
110	159	1
110	159	1
153	159	1
153	159	1
28	159	1
54	159	1
69	159	1
70	159	1
111	159	1
142	159	1
151	159	1
160	159	1
164	159	1
271	159	1
281	159	1
174	159	1
176	159	1
183	159	1
6	160	1
6	160	1
28	160	1
45	160	1
45	160	1
54	160	1
55	160	1
56	160	1
57	160	1
64	160	1
65	160	1
65	160	1
71	160	1
71	160	1
71	160	1
104	160	1
111	160	1
111	160	1
152	160	1
153	160	1
153	160	1
28	160	1
69	160	1
111	160	1
159	160	1
272	160	1
273	160	1
162	160	1
168	160	1
175	160	1
177	160	1
180	160	1
200	160	1
265	160	1
11	161	1
11	161	1
15	161	1
48	161	1
48	161	1
48	161	1
50	161	1
62	161	1
63	161	1
65	161	1
70	161	1
114	161	1
141	161	1
142	161	1
1	161	1
50	161	1
162	161	1
199	161	1
12	162	1
12	162	1
41	162	1
49	162	1
49	162	1
51	162	1
56	162	1
62	162	1
63	162	1
64	162	1
65	162	1
68	162	1
71	162	1
74	162	1
103	162	1
111	162	1
115	162	1
115	162	1
160	162	1
2	162	1
51	162	1
62	162	1
157	162	1
161	162	1
164	162	1
175	162	1
264	162	1
265	162	1
269	162	1
1	163	1
4	163	1
34	163	1
56	163	1
57	163	1
67	163	1
67	163	1
68	163	1
69	163	1
72	163	1
95	163	1
97	163	1
98	163	1
109	163	1
109	163	1
109	163	1
116	163	1
116	163	1
117	163	1
120	163	1
121	163	1
129	163	1
139	163	1
139	163	1
140	163	1
153	163	1
153	163	1
156	163	1
24	163	1
109	163	1
128	163	1
129	163	1
148	163	1
181	163	1
182	163	1
207	163	1
226	163	1
228	163	1
13	164	1
14	164	1
60	164	1
64	164	1
69	164	1
69	164	1
70	164	1
71	164	1
111	164	1
111	164	1
157	164	1
158	164	1
162	164	1
13	164	1
14	164	1
69	164	1
159	164	1
169	164	1
165	164	1
170	164	1
166	164	1
176	164	1
177	164	1
178	164	1
196	164	1
197	164	1
197	164	1
198	164	1
198	164	1
221	164	1
248	164	1
261	164	1
263	164	1
264	164	1
267	164	1
67	165	1
71	165	1
128	165	1
129	165	1
157	165	1
158	165	1
164	165	1
166	165	1
153	165	1
251	165	1
55	166	1
59	166	1
153	166	1
153	166	1
164	166	1
165	166	1
153	166	1
251	166	1
3	167	1
5	167	1
5	167	1
14	167	1
19	167	1
19	167	1
21	167	1
21	167	1
28	167	1
28	167	1
44	167	1
52	167	1
75	167	1
75	167	1
77	167	1
77	167	1
80	167	1
80	167	1
85	167	1
109	167	1
126	167	1
168	167	1
168	167	1
169	167	1
169	167	1
178	167	1
178	167	1
183	167	1
183	167	1
185	167	1
185	167	1
186	167	1
186	167	1
186	167	1
187	167	1
187	167	1
188	167	1
189	167	1
189	167	1
189	167	1
190	167	1
190	167	1
190	167	1
191	167	1
191	167	1
192	167	1
192	167	1
212	167	1
224	167	1
224	167	1
224	167	1
225	167	1
225	167	1
225	167	1
226	167	1
226	167	1
226	167	1
227	167	1
227	167	1
227	167	1
234	167	1
234	167	1
238	167	1
6	168	1
6	168	1
20	168	1
22	168	1
22	168	1
28	168	1
28	168	1
40	168	1
45	168	1
53	168	1
53	168	1
76	168	1
79	168	1
79	168	1
86	168	1
109	168	1
109	168	1
119	168	1
127	168	1
160	168	1
167	168	1
167	168	1
170	168	1
178	168	1
183	168	1
185	168	1
185	168	1
186	168	1
186	168	1
187	168	1
187	168	1
188	168	1
188	168	1
189	168	1
189	168	1
189	168	1
190	168	1
190	168	1
190	168	1
190	168	1
191	168	1
192	168	1
192	168	1
204	168	1
212	168	1
213	168	1
214	168	1
224	168	1
224	168	1
224	168	1
224	168	1
225	168	1
225	168	1
225	168	1
226	168	1
226	168	1
226	168	1
227	168	1
227	168	1
227	168	1
235	168	1
239	168	1
14	169	1
14	169	1
17	169	1
18	169	1
19	169	1
46	169	1
52	169	1
52	169	1
52	169	1
54	169	1
54	169	1
57	169	1
59	169	1
60	169	1
60	169	1
61	169	1
61	169	1
79	169	1
80	169	1
80	169	1
80	169	1
83	169	1
111	169	1
122	169	1
131	169	1
167	169	1
167	169	1
56	169	1
57	169	1
133	169	1
135	169	1
164	169	1
169	169	1
170	169	1
176	169	1
212	169	1
214	169	1
216	169	1
218	169	1
219	169	1
220	169	1
224	169	1
227	169	1
176	169	1
178	169	1
179	169	1
184	169	1
193	169	1
227	169	1
236	169	1
238	169	1
13	170	1
13	170	1
13	170	1
13	170	1
17	170	1
20	170	1
22	170	1
53	170	1
53	170	1
55	170	1
60	170	1
60	170	1
61	170	1
61	170	1
79	170	1
79	170	1
79	170	1
79	170	1
84	170	1
111	170	1
132	170	1
132	170	1
168	170	1
56	170	1
57	170	1
134	170	1
136	170	1
164	170	1
169	170	1
170	170	1
177	170	1
213	170	1
215	170	1
217	170	1
219	170	1
221	170	1
224	170	1
225	170	1
226	170	1
177	170	1
177	170	1
178	170	1
178	170	1
180	170	1
184	170	1
193	170	1
224	170	1
237	170	1
239	170	1
1	171	1
1	171	1
2	171	1
2	171	1
8	171	1
54	171	1
55	171	1
70	171	1
83	171	1
83	171	1
84	171	1
85	171	1
85	171	1
86	171	1
124	171	1
134	171	1
135	171	1
44	171	1
69	171	1
70	171	1
76	171	1
179	171	1
180	171	1
180	171	1
186	171	1
198	171	1
220	171	1
224	171	1
225	171	1
227	171	1
234	171	1
1	172	1
2	172	1
8	172	1
54	172	1
55	172	1
83	172	1
83	172	1
84	172	1
85	172	1
86	172	1
86	172	1
123	172	1
133	172	1
134	172	1
136	172	1
45	172	1
69	172	1
210	172	1
211	172	1
221	172	1
224	172	1
225	172	1
226	172	1
227	172	1
232	172	1
233	172	1
18	173	1
30	173	1
72	173	1
92	173	1
103	173	1
103	173	1
104	173	1
104	173	1
105	173	1
152	173	1
152	173	1
153	173	1
153	173	1
23	173	1
56	173	1
57	173	1
95	173	1
96	173	1
138	173	1
199	173	1
273	173	1
281	173	1
3	174	1
11	174	1
13	174	1
15	174	1
24	174	1
56	174	1
57	174	1
66	174	1
68	174	1
114	174	1
157	174	1
159	174	1
64	174	1
269	174	1
179	174	1
12	175	1
16	175	1
45	175	1
51	175	1
56	175	1
57	175	1
57	175	1
62	175	1
65	175	1
67	175	1
67	175	1
68	175	1
74	175	1
115	175	1
115	175	1
115	175	1
152	175	1
153	175	1
160	175	1
162	175	1
64	175	1
180	175	1
182	175	1
3	176	1
3	176	1
4	176	1
4	176	1
5	176	1
21	176	1
22	176	1
26	176	1
55	176	1
60	176	1
60	176	1
61	176	1
66	176	1
70	176	1
79	176	1
80	176	1
80	176	1
80	176	1
111	176	1
111	176	1
111	176	1
159	176	1
164	176	1
169	176	1
14	176	1
28	176	1
69	176	1
80	176	1
131	176	1
133	176	1
135	176	1
169	176	1
177	176	1
194	176	1
236	176	1
238	176	1
253	176	1
269	176	1
183	176	1
183	176	1
197	176	1
202	176	1
234	176	1
234	176	1
3	177	1
3	177	1
4	177	1
6	177	1
6	177	1
13	177	1
27	177	1
61	177	1
69	177	1
70	177	1
74	177	1
79	177	1
79	177	1
111	177	1
160	177	1
164	177	1
170	177	1
170	177	1
13	177	1
28	177	1
70	177	1
79	177	1
132	177	1
134	177	1
136	177	1
170	177	1
176	177	1
237	177	1
239	177	1
183	177	1
197	177	1
201	177	1
235	177	1
3	178	1
4	178	1
6	178	1
21	178	1
22	178	1
53	178	1
80	178	1
83	178	1
84	178	1
85	178	1
86	178	1
86	178	1
116	178	1
124	178	1
124	178	1
125	178	1
125	178	1
126	178	1
127	178	1
127	178	1
133	178	1
133	178	1
134	178	1
135	178	1
135	178	1
136	178	1
136	178	1
164	178	1
167	178	1
167	178	1
168	178	1
169	178	1
170	178	1
170	178	1
83	178	1
84	178	1
85	178	1
86	178	1
112	178	1
134	178	1
181	178	1
181	178	1
182	178	1
182	178	1
195	178	1
196	178	1
238	178	1
239	178	1
1	179	1
13	179	1
14	179	1
14	179	1
21	179	1
44	179	1
54	179	1
56	179	1
57	179	1
69	179	1
70	179	1
114	179	1
169	179	1
171	179	1
174	179	1
14	179	1
19	179	1
55	179	1
60	179	1
61	179	1
184	179	1
184	179	1
189	179	1
190	179	1
198	179	1
203	179	1
203	179	1
204	179	1
204	179	1
204	179	1
205	179	1
205	179	1
206	179	1
206	179	1
225	179	1
225	179	1
226	179	1
252	179	1
2	180	1
2	180	1
13	180	1
13	180	1
13	180	1
14	180	1
22	180	1
22	180	1
54	180	1
56	180	1
57	180	1
57	180	1
65	180	1
67	180	1
69	180	1
69	180	1
70	180	1
109	180	1
160	180	1
170	180	1
171	180	1
171	180	1
175	180	1
13	180	1
20	180	1
54	180	1
55	180	1
60	180	1
61	180	1
184	180	1
184	180	1
184	180	1
184	180	1
189	180	1
189	180	1
190	180	1
190	180	1
197	180	1
198	180	1
203	180	1
203	180	1
204	180	1
204	180	1
205	180	1
205	180	1
205	180	1
206	180	1
206	180	1
224	180	1
225	180	1
1	181	1
7	181	1
44	181	1
83	181	1
85	181	1
116	181	1
120	181	1
122	181	1
126	181	1
133	181	1
134	181	1
135	181	1
163	181	1
178	181	1
178	181	1
193	181	1
228	181	1
230	181	1
2	182	1
86	182	1
117	182	1
121	182	1
121	182	1
123	182	1
127	182	1
127	182	1
133	182	1
134	182	1
136	182	1
163	182	1
175	182	1
178	182	1
178	182	1
193	182	1
229	182	1
231	182	1
235	182	1
5	183	1
6	183	1
10	183	1
21	183	1
21	183	1
22	183	1
22	183	1
52	183	1
65	183	1
66	183	1
66	183	1
74	183	1
76	183	1
76	183	1
80	183	1
109	183	1
109	183	1
114	183	1
159	183	1
167	183	1
167	183	1
168	183	1
176	183	1
176	183	1
177	183	1
79	183	1
80	183	1
200	183	1
234	183	1
235	183	1
235	183	1
60	184	1
61	184	1
67	184	1
69	184	1
70	184	1
71	184	1
83	184	1
84	184	1
84	184	1
85	184	1
86	184	1
132	184	1
152	184	1
169	184	1
170	184	1
179	184	1
180	184	1
180	184	1
180	184	1
14	184	1
67	184	1
96	184	1
179	184	1
180	184	1
224	184	1
225	184	1
226	184	1
187	184	1
189	184	1
190	184	1
190	184	1
190	184	1
210	184	1
210	184	1
225	184	1
227	184	1
238	184	1
239	184	1
3	185	1
86	185	1
167	185	1
167	185	1
168	185	1
168	185	1
13	185	1
186	185	1
211	185	1
226	185	1
189	185	1
204	185	1
215	185	1
225	185	1
226	185	1
2	186	1
3	186	1
167	186	1
167	186	1
167	186	1
168	186	1
168	186	1
171	186	1
14	186	1
185	186	1
211	186	1
187	186	1
227	186	1
190	186	1
192	186	1
196	186	1
203	186	1
214	186	1
224	186	1
227	186	1
227	186	1
25	187	1
84	187	1
85	187	1
118	187	1
119	187	1
120	187	1
131	187	1
134	187	1
134	187	1
167	187	1
167	187	1
168	187	1
168	187	1
184	187	1
186	187	1
135	187	1
189	187	1
191	187	1
224	187	1
190	187	1
192	187	1
192	187	1
192	187	1
227	187	1
227	187	1
237	187	1
238	187	1
24	188	1
86	188	1
116	188	1
119	188	1
121	188	1
132	188	1
133	188	1
133	188	1
167	188	1
168	188	1
168	188	1
136	188	1
192	188	1
204	188	1
189	188	1
225	188	1
191	188	1
191	188	1
191	188	1
226	188	1
232	188	1
236	188	1
236	188	1
236	188	1
239	188	1
3	189	1
3	189	1
118	189	1
119	189	1
119	189	1
124	189	1
124	189	1
125	189	1
125	189	1
131	189	1
132	189	1
132	189	1
167	189	1
167	189	1
167	189	1
168	189	1
168	189	1
168	189	1
179	189	1
180	189	1
180	189	1
184	189	1
185	189	1
188	189	1
190	189	1
190	189	1
187	189	1
191	189	1
195	189	1
197	189	1
198	189	1
199	189	1
200	189	1
233	189	1
4	190	1
23	190	1
69	190	1
70	190	1
118	190	1
119	190	1
124	190	1
167	190	1
167	190	1
167	190	1
168	190	1
168	190	1
168	190	1
168	190	1
179	190	1
180	190	1
180	190	1
184	190	1
184	190	1
184	190	1
186	190	1
187	190	1
189	190	1
189	190	1
192	190	1
197	190	1
199	190	1
199	190	1
200	190	1
201	190	1
233	190	1
235	190	1
83	191	1
83	191	1
116	191	1
118	191	1
119	191	1
131	191	1
136	191	1
167	191	1
167	191	1
168	191	1
188	191	1
188	191	1
188	191	1
61	191	1
133	191	1
187	191	1
189	191	1
192	191	1
205	191	1
226	191	1
199	191	1
231	191	1
236	191	1
236	191	1
239	191	1
239	191	1
84	192	1
117	192	1
118	192	1
119	192	1
132	192	1
135	192	1
135	192	1
167	192	1
167	192	1
168	192	1
168	192	1
186	192	1
187	192	1
187	192	1
187	192	1
60	192	1
61	192	1
134	192	1
188	192	1
190	192	1
191	192	1
206	192	1
227	192	1
200	192	1
217	192	1
219	192	1
229	192	1
237	192	1
237	192	1
238	192	1
123	193	1
169	193	1
170	193	1
120	193	1
181	193	1
182	193	1
196	193	1
220	193	1
221	193	1
229	193	1
119	194	1
122	194	1
123	194	1
125	194	1
126	194	1
126	194	1
127	194	1
131	194	1
176	194	1
196	194	1
228	194	1
230	194	1
118	195	1
121	195	1
122	195	1
123	195	1
124	195	1
126	195	1
127	195	1
132	195	1
136	195	1
178	195	1
189	195	1
196	195	1
202	195	1
229	195	1
230	195	1
231	195	1
123	196	1
124	196	1
125	196	1
126	196	1
127	196	1
164	196	1
178	196	1
186	196	1
60	196	1
61	196	1
116	196	1
117	196	1
193	196	1
194	196	1
195	196	1
222	196	1
222	196	1
223	196	1
225	196	1
230	196	1
231	196	1
69	197	1
70	197	1
70	197	1
111	197	1
164	197	1
164	197	1
176	197	1
177	197	1
180	197	1
189	197	1
190	197	1
233	197	1
200	197	1
204	197	1
210	197	1
252	197	1
69	198	1
69	198	1
70	198	1
111	198	1
164	198	1
164	198	1
171	198	1
179	198	1
180	198	1
189	198	1
205	198	1
1	199	1
3	199	1
11	199	1
14	199	1
24	199	1
24	199	1
26	199	1
44	199	1
54	199	1
57	199	1
60	199	1
83	199	1
83	199	1
83	199	1
161	199	1
173	199	1
189	199	1
190	199	1
190	199	1
191	199	1
7	199	1
44	199	1
50	199	1
75	199	1
124	199	1
201	199	1
234	199	1
202	199	1
202	199	1
204	199	1
214	199	1
218	199	1
219	199	1
222	199	1
222	199	1
234	199	1
234	199	1
2	200	1
16	200	1
16	200	1
16	200	1
27	200	1
45	200	1
45	200	1
55	200	1
57	200	1
58	200	1
61	200	1
67	200	1
84	200	1
115	200	1
160	200	1
183	200	1
189	200	1
190	200	1
192	200	1
197	200	1
45	200	1
51	200	1
76	200	1
125	200	1
202	200	1
235	200	1
203	200	1
235	200	1
235	200	1
3	201	1
84	201	1
85	201	1
119	201	1
177	201	1
190	201	1
199	201	1
219	201	1
211	201	1
27	202	1
83	202	1
83	202	1
84	202	1
86	202	1
134	202	1
176	202	1
195	202	1
199	202	1
199	202	1
200	202	1
211	202	1
13	203	1
13	203	1
14	203	1
54	203	1
70	203	1
81	203	1
149	203	1
179	203	1
179	203	1
180	203	1
180	203	1
186	203	1
200	203	1
220	203	1
222	203	1
252	203	1
252	203	1
13	204	1
14	204	1
55	204	1
69	204	1
109	204	1
131	204	1
150	204	1
168	204	1
179	204	1
179	204	1
179	204	1
180	204	1
180	204	1
185	204	1
197	204	1
199	204	1
188	204	1
223	204	1
252	204	1
252	204	1
13	205	1
26	205	1
26	205	1
54	205	1
54	205	1
109	205	1
132	205	1
179	205	1
179	205	1
180	205	1
180	205	1
180	205	1
198	205	1
191	205	1
223	205	1
221	205	1
225	205	1
4	206	1
27	206	1
55	206	1
55	206	1
109	206	1
179	206	1
179	206	1
180	206	1
180	206	1
192	206	1
222	206	1
220	206	1
220	206	1
224	206	1
55	207	1
58	207	1
58	207	1
59	207	1
60	207	1
61	207	1
71	207	1
71	207	1
109	207	1
115	207	1
163	207	1
54	207	1
241	207	1
242	207	1
243	207	1
241	207	1
252	207	1
55	208	1
55	208	1
58	208	1
59	208	1
60	208	1
61	208	1
68	208	1
71	208	1
114	208	1
55	208	1
87	208	1
88	208	1
58	209	1
59	209	1
60	209	1
61	209	1
71	209	1
115	209	1
54	209	1
55	209	1
87	209	1
14	210	1
24	210	1
24	210	1
54	210	1
54	210	1
55	210	1
60	210	1
82	210	1
112	210	1
172	210	1
184	210	1
184	210	1
197	210	1
211	210	1
7	211	1
13	211	1
54	211	1
56	211	1
56	211	1
57	211	1
109	211	1
172	211	1
201	211	1
202	211	1
54	211	1
56	211	1
185	211	1
186	211	1
210	211	1
218	211	1
25	212	1
84	212	1
167	212	1
168	212	1
169	212	1
3	213	1
83	213	1
83	213	1
168	213	1
170	213	1
85	214	1
85	214	1
168	214	1
186	214	1
199	214	1
169	214	1
232	214	1
69	215	1
86	215	1
185	215	1
170	215	1
233	215	1
235	215	1
135	216	1
169	216	1
218	216	1
3	217	1
136	217	1
192	217	1
15	217	1
170	217	1
219	217	1
239	217	1
72	218	1
133	218	1
152	218	1
199	218	1
56	218	1
57	218	1
169	218	1
211	218	1
216	218	1
239	218	1
134	219	1
153	219	1
192	219	1
199	219	1
169	219	1
170	219	1
201	219	1
217	219	1
238	219	1
21	220	1
21	220	1
27	220	1
55	220	1
66	220	1
70	220	1
75	220	1
109	220	1
171	220	1
193	220	1
206	220	1
206	220	1
69	220	1
70	220	1
169	220	1
203	220	1
233	220	1
3	221	1
6	221	1
22	221	1
26	221	1
54	221	1
65	221	1
83	221	1
84	221	1
109	221	1
164	221	1
172	221	1
193	221	1
205	221	1
26	221	1
69	221	1
70	221	1
170	221	1
232	221	1
5	222	1
15	222	1
21	222	1
66	222	1
109	222	1
149	222	1
149	222	1
149	222	1
196	222	1
196	222	1
199	222	1
199	222	1
203	222	1
206	222	1
6	223	1
22	223	1
65	223	1
76	223	1
109	223	1
150	223	1
150	223	1
196	223	1
204	223	1
69	223	1
70	223	1
205	223	1
14	224	1
14	224	1
70	224	1
131	224	1
131	224	1
167	224	1
167	224	1
167	224	1
168	224	1
168	224	1
168	224	1
168	224	1
170	224	1
171	224	1
172	224	1
180	224	1
186	224	1
206	224	1
169	224	1
170	224	1
184	224	1
187	224	1
227	224	1
227	224	1
236	224	1
237	224	1
237	224	1
13	225	1
22	225	1
27	225	1
69	225	1
70	225	1
131	225	1
131	225	1
132	225	1
167	225	1
167	225	1
167	225	1
168	225	1
168	225	1
168	225	1
171	225	1
172	225	1
179	225	1
179	225	1
180	225	1
184	225	1
185	225	1
196	225	1
205	225	1
170	225	1
184	225	1
188	225	1
269	225	1
226	225	1
236	225	1
236	225	1
2	226	1
14	226	1
26	226	1
27	226	1
132	226	1
163	226	1
167	226	1
167	226	1
167	226	1
168	226	1
168	226	1
168	226	1
172	226	1
179	226	1
185	226	1
188	226	1
225	226	1
170	226	1
184	226	1
185	226	1
191	226	1
227	226	1
239	226	1
1	227	1
131	227	1
132	227	1
167	227	1
167	227	1
167	227	1
168	227	1
168	227	1
168	227	1
169	227	1
171	227	1
172	227	1
184	227	1
186	227	1
186	227	1
187	227	1
187	227	1
224	227	1
224	227	1
169	227	1
186	227	1
192	227	1
226	227	1
252	227	1
238	227	1
238	227	1
81	228	1
83	228	1
116	228	1
122	228	1
122	228	1
163	228	1
181	228	1
194	228	1
82	229	1
84	229	1
117	229	1
123	229	1
182	229	1
192	229	1
193	229	1
195	229	1
237	229	1
85	230	1
126	230	1
181	230	1
194	230	1
195	230	1
196	230	1
86	231	1
119	231	1
127	231	1
182	231	1
191	231	1
195	231	1
196	231	1
3	232	1
56	232	1
83	232	1
83	232	1
118	232	1
172	232	1
188	232	1
214	232	1
221	232	1
133	232	1
135	232	1
234	232	1
234	232	1
267	232	1
2	233	1
57	233	1
84	233	1
84	233	1
119	233	1
125	233	1
125	233	1
172	233	1
189	233	1
190	233	1
215	233	1
220	233	1
134	233	1
136	233	1
197	233	1
235	233	1
235	233	1
28	234	1
44	234	1
52	234	1
52	234	1
56	234	1
60	234	1
60	234	1
68	234	1
124	234	1
167	234	1
167	234	1
171	234	1
176	234	1
176	234	1
183	234	1
199	234	1
199	234	1
232	234	1
232	234	1
199	234	1
6	235	1
53	235	1
53	235	1
53	235	1
56	235	1
57	235	1
61	235	1
119	235	1
127	235	1
136	235	1
168	235	1
177	235	1
182	235	1
183	235	1
183	235	1
190	235	1
200	235	1
200	235	1
215	235	1
233	235	1
233	235	1
125	235	1
200	235	1
61	236	1
83	236	1
116	236	1
131	236	1
169	236	1
188	236	1
188	236	1
188	236	1
191	236	1
191	236	1
224	236	1
225	236	1
225	236	1
54	236	1
176	236	1
60	237	1
61	237	1
84	237	1
170	237	1
187	237	1
192	237	1
192	237	1
224	237	1
224	237	1
229	237	1
55	237	1
177	237	1
57	238	1
61	238	1
120	238	1
120	238	1
167	238	1
169	238	1
178	238	1
184	238	1
187	238	1
192	238	1
219	238	1
227	238	1
227	238	1
55	238	1
176	238	1
54	239	1
60	239	1
121	239	1
168	239	1
170	239	1
178	239	1
184	239	1
188	239	1
191	239	1
191	239	1
217	239	1
218	239	1
226	239	1
54	239	1
177	239	1
60	240	1
61	240	1
72	240	1
103	240	1
54	240	1
88	240	1
252	240	1
269	240	1
269	240	1
54	241	1
54	241	1
55	241	1
56	241	1
59	241	1
61	241	1
103	241	1
109	241	1
207	241	1
54	241	1
207	241	1
269	241	1
270	241	1
242	241	1
242	241	1
252	241	1
253	241	1
269	241	1
270	241	1
270	241	1
54	242	1
55	242	1
59	242	1
60	242	1
60	242	1
61	242	1
103	242	1
103	242	1
104	242	1
241	242	1
29	242	1
54	242	1
55	242	1
207	242	1
243	242	1
252	242	1
270	242	1
271	242	1
271	242	1
54	243	1
55	243	1
57	243	1
58	243	1
61	243	1
104	243	1
242	243	1
30	243	1
54	243	1
55	243	1
91	243	1
207	243	1
254	243	1
254	243	1
254	243	1
272	243	1
54	244	1
55	244	1
58	244	1
58	244	1
61	244	1
104	244	1
105	244	1
105	244	1
31	244	1
54	244	1
55	244	1
91	244	1
273	244	1
273	244	1
54	245	1
55	245	1
59	245	1
105	245	1
105	245	1
115	245	1
54	245	1
55	245	1
256	245	1
273	245	1
274	245	1
274	245	1
56	246	1
105	246	1
106	246	1
33	246	1
54	246	1
55	246	1
254	246	1
275	246	1
54	247	1
55	247	1
55	247	1
106	247	1
106	247	1
34	247	1
54	247	1
55	247	1
57	247	1
140	247	1
153	247	1
247	247	1
259	247	1
260	247	1
276	247	1
248	247	1
257	247	1
257	247	1
259	247	1
275	247	1
276	247	1
276	247	1
276	247	1
54	248	1
55	248	1
55	248	1
57	248	1
106	248	1
107	248	1
139	248	1
155	248	1
164	248	1
247	248	1
54	248	1
57	248	1
110	248	1
111	248	1
153	248	1
259	248	1
260	248	1
275	248	1
259	248	1
259	248	1
259	248	1
277	248	1
277	248	1
54	249	1
55	249	1
56	249	1
54	249	1
55	249	1
54	250	1
55	250	1
59	250	1
64	250	1
108	250	1
158	250	1
54	250	1
55	250	1
251	250	1
261	250	1
279	250	1
280	250	1
280	250	1
280	250	1
39	251	1
54	251	1
94	251	1
95	251	1
95	251	1
102	251	1
108	251	1
109	251	1
128	251	1
143	251	1
144	251	1
145	251	1
146	251	1
152	251	1
153	251	1
165	251	1
166	251	1
250	251	1
55	251	1
145	251	1
146	251	1
262	251	1
262	251	1
280	251	1
280	251	1
281	251	1
281	251	1
281	251	1
14	252	1
14	252	1
62	252	1
62	252	1
103	252	1
109	252	1
109	252	1
113	252	1
113	252	1
179	252	1
197	252	1
203	252	1
203	252	1
204	252	1
204	252	1
207	252	1
240	252	1
241	252	1
242	252	1
56	252	1
69	252	1
97	252	1
227	252	1
253	252	1
269	252	1
270	252	1
21	253	1
56	253	1
103	253	1
103	253	1
104	253	1
241	253	1
56	253	1
57	253	1
99	253	1
176	253	1
252	253	1
254	253	1
256	253	1
258	253	1
264	253	1
270	253	1
270	253	1
271	253	1
271	253	1
104	254	1
104	254	1
152	254	1
243	254	1
243	254	1
57	254	1
96	254	1
246	254	1
253	254	1
104	255	1
104	255	1
105	255	1
105	255	1
152	255	1
153	255	1
56	255	1
57	255	1
96	255	1
99	255	1
256	255	1
273	255	1
105	256	1
105	256	1
152	256	1
245	256	1
56	256	1
253	256	1
255	256	1
257	256	1
274	256	1
274	256	1
274	256	1
106	257	1
152	257	1
153	257	1
247	257	1
247	257	1
56	257	1
57	257	1
90	257	1
256	257	1
258	257	1
274	257	1
275	257	1
106	258	1
153	258	1
257	258	1
56	258	1
57	258	1
253	258	1
107	259	1
107	259	1
107	259	1
152	259	1
153	259	1
247	259	1
248	259	1
248	259	1
248	259	1
56	259	1
57	259	1
247	259	1
248	259	1
260	259	1
260	259	1
260	259	1
260	259	1
277	259	1
277	259	1
278	259	1
107	260	1
107	260	1
259	260	1
259	260	1
54	260	1
55	260	1
56	260	1
57	260	1
110	260	1
152	260	1
247	260	1
248	260	1
259	260	1
278	260	1
278	260	1
278	260	1
108	261	1
152	261	1
153	261	1
164	261	1
250	261	1
56	261	1
57	261	1
69	261	1
152	261	1
279	261	1
279	261	1
280	261	1
280	261	1
108	262	1
108	262	1
109	262	1
152	262	1
153	262	1
251	262	1
56	262	1
57	262	1
251	262	1
280	262	1
71	263	1
103	263	1
103	263	1
104	263	1
104	263	1
105	263	1
105	263	1
111	263	1
164	263	1
264	263	1
265	263	1
264	263	1
264	263	1
269	263	1
265	263	1
265	263	1
266	263	1
269	263	1
269	263	1
270	263	1
271	263	1
272	263	1
273	263	1
273	263	1
274	263	1
99	264	1
103	264	1
103	264	1
104	264	1
105	264	1
105	264	1
111	264	1
115	264	1
115	264	1
153	264	1
158	264	1
158	264	1
162	264	1
164	264	1
253	264	1
263	264	1
263	264	1
263	264	1
265	264	1
265	264	1
265	264	1
269	264	1
270	264	1
270	264	1
272	264	1
272	264	1
273	264	1
274	264	1
56	265	1
71	265	1
103	265	1
103	265	1
104	265	1
105	265	1
105	265	1
106	265	1
106	265	1
111	265	1
115	265	1
115	265	1
158	265	1
158	265	1
160	265	1
162	265	1
263	265	1
263	265	1
264	265	1
264	265	1
106	265	1
263	265	1
264	265	1
266	265	1
267	265	1
266	265	1
267	265	1
269	265	1
270	265	1
271	265	1
272	265	1
273	265	1
273	265	1
274	265	1
274	265	1
275	265	1
56	266	1
66	266	1
263	266	1
265	266	1
265	266	1
63	266	1
265	266	1
267	266	1
267	266	1
267	266	1
62	267	1
63	267	1
111	267	1
114	267	1
114	267	1
132	267	1
164	267	1
232	267	1
265	267	1
266	267	1
266	267	1
265	267	1
266	267	1
29	269	1
65	269	1
87	269	1
88	269	1
96	269	1
103	269	1
162	269	1
240	269	1
240	269	1
241	269	1
252	269	1
263	269	1
264	269	1
265	269	1
103	269	1
111	269	1
174	269	1
176	269	1
225	269	1
241	269	1
263	269	1
270	269	1
30	270	1
31	270	1
60	270	1
87	270	1
88	270	1
96	270	1
103	270	1
103	270	1
241	270	1
241	270	1
242	270	1
252	270	1
253	270	1
253	270	1
263	270	1
264	270	1
265	270	1
29	270	1
103	270	1
241	270	1
269	270	1
271	270	1
31	271	1
57	271	1
60	271	1
88	271	1
89	271	1
96	271	1
97	271	1
104	271	1
242	271	1
242	271	1
253	271	1
253	271	1
263	271	1
265	271	1
159	271	1
270	271	1
272	271	1
32	272	1
89	272	1
90	272	1
92	272	1
97	272	1
98	272	1
104	272	1
115	272	1
243	272	1
263	272	1
264	272	1
265	272	1
104	272	1
160	272	1
271	272	1
273	272	1
33	273	1
55	273	1
90	273	1
91	273	1
92	273	1
97	273	1
98	273	1
173	273	1
173	273	1
244	273	1
244	273	1
244	273	1
245	273	1
255	273	1
263	273	1
264	273	1
265	273	1
160	273	1
272	273	1
274	273	1
34	274	1
54	274	1
91	274	1
92	274	1
98	274	1
99	274	1
158	274	1
245	274	1
245	274	1
256	274	1
256	274	1
257	274	1
263	274	1
264	274	1
265	274	1
273	274	1
275	274	1
158	275	1
246	275	1
247	275	1
257	275	1
265	275	1
248	275	1
274	275	1
106	276	1
247	276	1
247	276	1
247	276	1
106	276	1
247	276	1
107	277	1
248	277	1
259	277	1
140	277	1
278	277	1
107	278	1
154	278	1
259	278	1
260	278	1
260	278	1
57	278	1
107	278	1
111	278	1
277	278	1
55	279	1
63	279	1
139	279	1
250	279	1
261	279	1
261	279	1
71	280	1
158	280	1
250	280	1
250	280	1
251	280	1
251	280	1
261	280	1
261	280	1
262	280	1
39	281	1
55	281	1
55	281	1
95	281	1
102	281	1
137	281	1
138	281	1
138	281	1
152	281	1
153	281	1
173	281	1
251	281	1
251	281	1
159	281	1
30	130	1
31	130	1
32	130	1
33	130	1
34	130	1
37	130	1
39	130	1
62	130	1
63	130	1
70	130	1
70	130	1
71	130	1
87	130	1
88	130	1
89	130	1
90	130	1
91	130	1
92	130	1
263	130	1
265	130	1
29	130	1
95	130	1
96	130	1
97	130	1
98	130	1
99	130	1
103	130	1
104	130	1
105	130	1
107	130	1
108	130	1
110	130	1
110	130	1
114	130	1
115	130	1
115	130	1
116	130	1
116	130	1
117	130	1
117	130	1
118	130	1
118	130	1
119	130	1
119	130	1
120	130	1
120	130	1
121	130	1
121	130	1
137	130	1
138	130	1
149	130	1
157	130	1
157	130	1
158	130	1
158	130	1
173	130	1
173	130	1
179	130	1
179	130	1
180	130	1
180	130	1
185	130	1
186	130	1
186	130	1
187	130	1
187	130	1
188	130	1
189	130	1
189	130	1
190	130	1
190	130	1
191	130	1
191	130	1
192	130	1
192	130	1
193	130	1
194	130	1
195	130	1
196	130	1
197	130	1
197	130	1
199	130	1
199	130	1
200	130	1
201	130	1
201	130	1
202	130	1
202	130	1
220	130	1
220	130	1
221	130	1
221	130	1
222	130	1
222	130	1
223	130	1
223	130	1
224	130	1
224	130	1
225	130	1
226	130	1
227	130	1
227	130	1
228	130	1
228	130	1
229	130	1
229	130	1
230	130	1
230	130	1
231	130	1
231	130	1
240	130	1
241	130	1
242	130	1
243	130	1
244	130	1
245	130	1
246	130	1
247	130	1
248	130	1
250	130	1
251	130	1
252	130	1
253	130	1
254	130	1
255	130	1
256	130	1
257	130	1
258	130	1
259	130	1
260	130	1
261	130	1
262	130	1
263	130	1
264	130	1
264	130	1
265	130	1
266	130	1
266	130	1
267	130	1
268	130	1
269	130	1
270	130	1
271	130	1
272	130	1
273	130	1
274	130	1
275	130	1
276	130	1
277	130	1
278	130	1
279	130	1
280	130	1
281	130	1
		
